   0  -17.65   155.00
   1  119.70   155.00
   2  155.00    17.65
   3  155.00  -119.70
   4   17.65  -155.00
   5 -119.70  -155.00
   6 -155.00   -17.65
   7 -155.00   119.70
   8  257.05   155.00
   9  155.00  -257.05
  10 -257.05  -155.00
  11 -155.00   257.05
  12  -17.65   292.35
  13  119.70   292.35
  14  292.35    17.65
  15  292.35  -119.70
  16   17.65  -292.35
  17 -119.70  -292.35
  18 -292.35   -17.65
  19 -292.35   119.70
  20  257.05   292.35
  21 -257.05  -292.35
  22  292.35  -257.05
  23 -292.35   257.05
  24  292.35  -394.40
  25 -292.35   394.40
  26  -17.65   429.70
  27  119.70   429.70
  28  257.05   429.70
  29  394.40   292.35
  30  394.40   155.00
  31  429.70    17.65
  32  429.70  -119.70
  33  429.70  -257.05
  34  155.00  -394.40
  35   17.65  -429.70
  36 -119.70  -429.70
  37 -257.05  -429.70
  38 -394.40  -292.35
  39 -394.40  -155.00
  40 -429.70   -17.65
  41 -429.70   119.70
  42 -429.70   257.05
  43 -155.00   394.40
  44  429.70  -394.40
  45 -394.40  -429.70
  46 -429.70   394.40
  47  394.40   429.70
  48  -17.65   567.05
  49  119.70   567.05
  50  257.05   567.05
  51  394.40   567.05
  52  531.75   429.70
  53  531.75   292.35
  54  531.75   155.00
  55  567.05    17.65
  56  567.05  -119.70
  57  567.05  -257.05
  58  567.05  -394.40
  59  429.70  -531.75
  60  292.35  -531.75
  61  155.00  -531.75
  62   17.65  -567.05
  63 -119.70  -567.05
  64 -257.05  -567.05
  65 -394.40  -567.05
  66 -531.75  -429.70
  67 -531.75  -292.35
  68 -531.75  -155.00
  69 -567.05   -17.65
  70 -567.05   119.70
  71 -567.05   257.05
  72 -567.05   394.40
  73 -429.70   531.75
  74 -292.35   531.75
  75 -155.00   531.75
  76  531.75   567.05
  77  567.05  -531.75
  78 -531.75  -567.05
  79 -567.05   531.75
  80  119.70   704.40
  81  257.05   704.40
  82  394.40   704.40
  83  669.10   429.70
  84  669.10   292.35
  85  669.10   155.00
  86  704.40    17.65
  87  704.40  -119.70
  88  704.40  -257.05
  89  704.40  -394.40
  90  429.70  -669.10
  91  292.35  -669.10
  92  155.00  -669.10
  93   17.65  -704.40
  94 -119.70  -704.40
  95 -257.05  -704.40
  96 -394.40  -704.40
  97 -669.10  -429.70
  98 -669.10  -292.35
  99 -669.10  -155.00
 100 -704.40   -17.65
 101 -704.40   119.70
 102 -704.40   257.05
 103 -704.40   394.40
 104 -429.70   669.10
 105 -292.35   669.10
 106 -155.00   669.10
 107  -17.75   704.40
 108 -841.75   119.70
 109 -841.75   -17.65
 110 -806.45  -155.00
 111 -806.45  -292.35
 112  841.75  -119.70
 113  841.75    17.65
 114  806.45   155.00
 115  806.45   292.35
 116  119.70   841.75
 117  -17.65   841.75
 118 -155.00   806.45
 119 -292.35   806.45
 120 -119.70  -841.75
 121   17.65  -841.75
 122  155.00  -806.45
 123  292.35  -806.45
 124 -841.75   257.05
 125  257.05   841.75
 126  841.75  -257.05
 127 -257.05  -841.75
